[6, 6, 0, 4]
[2, 9, 1, 4]
[0, 1, 1, 5]
[3, 9, 8, 2]
[3, 4, 1, 6]
[9, 4, 5, 8]
[9, 1, 7, 4]
[5, 2, 6, 0]
[3, 5, 6, 2]
[7, 9, 5, 4]
[9, 0, 6, 7]
[7, 8, 7, 7]
[7, 4, 8, 5]
[4, 4, 2, 3]
[1, 9, 8, 3]
[3, 0, 8, 0]
[5, 7, 7, 4]
[8, 6, 4, 5]
[2, 1, 7, 5]
[0, 8, 1, 8]
[2, 4, 1, 5]
[2, 6, 6, 4]
[2, 3, 0, 9]
[4, 1, 0, 9]
[6, 9, 2, 3]
[6, 0, 3, 4]
[3, 3, 6, 9]
[7, 4, 4, 3]
[1, 2, 8, 9]
[8, 1, 5, 9]
[8, 4, 9, 0]
[0, 7, 1, 6]
[1, 3, 2, 4]
[9, 2, 3, 4]
[8, 5, 9, 0]
[8, 5, 2, 5]
[5, 0, 0, 4]
[9, 1, 9, 8]
[6, 6, 1, 1]
[3, 4, 6, 0]
[7, 9, 8, 0]
[6, 5, 3, 2]
[1, 0, 4, 3]
[0, 4, 2, 7]
[6, 8, 8, 1]
[4, 6, 7, 4]
[1, 6, 0, 9]
[5, 1, 6, 8]
[8, 5, 2, 8]
[1, 5, 6, 1]
